100
745 5
424 35
816 86
2 96
537 11
2 2
758 85
270 26
67 45
808 71
1000 3
865 5
755 11
2 4
2 98
169 3
981 68
592 91
2 99
748 77
3 10
793 69
440 28
1000 95
509 10
2 1
1000 1
115 64
1000 99
2 95
81 39
915 30
295 30
930 46
109 76
684 94
492 12
1000 2
2 50
494 92
582 60
918 38
712 1
226 22
40 62
362 76
13 37
555 27
950 95
108 30
824 54
1000 5
991 9
2 97
2 36
397 40
616 91
875 93
1000 4
838 46
758 96
823 3
977 44
173 90
580 93
507 14
635 54
906 56
355 11
451 5
500 44
551 71
289 65
387 98
428 98
2 3
508 54
2 5
132 90
772 5
871 75
246 78
70 56
61 39
169 55
1000 97
289 48
642 34
807 16
958 86
835 62
908 56
30 46
1000 96
1000 98
924 39
728 33
398 61
319 10
245 99
